---
# stereo parameters
cam0:
    T_cam_imu:
        - [0.9999683548573183, 0.0015969244801277659, -0.007793530403724961, 0.009659362163025145]
        - [0.0015859925567796474, -0.99999775013443, -0.0014086708942864844, 0.0010971307146912697]
        - [-0.007795762410364764, 0.0013962658354836992, -0.9999686377732845, -0.006894490579600325]
        - [0.0, 0.0, 0.0, 1.0]
    distortion_coeffs: [0.010831, -0.007841, 0.000166, 0.000512, 0.000000]
    intrinsics:
        - [455.510864, 0.000000, 328.529851]
        - [0.000000, 455.426715, 225.596721]
        - [0.0, 0.0, 1.0]
    timeshift_cam_imu: -0.003372900749573575
cam1:
    T_cam_imu:
        - [0.9999460143537426, 0.003210598991594255, -0.009882329289204057, -0.0660893601740808]
        - [0.003257607073719117, -0.999983439356287, 0.004744366061446668, 0.001064050791354557]
        - [-0.009866933374577004, -0.00477630267957609, -0.9999399134740523, -0.0066140157813651046]
        - [0.0, 0.0, 0.0, 1.0]
    distortion_coeffs: [0.028404, -0.022619, -0.000793, -0.002258, 0.000000]
    intrinsics:
        - [462.007162, 0.000000, 313.439176]
        - [0.000000, 461.452922, 229.403156]
        - [0.0, 0.0, 1.0]
    timeshift_cam_imu: -0.003423440210850598

# tarcker settings
rows: 480
cols: 640
grid_rows: 30
grid_cols: 40
border_size: 15
max_features: 200
dist_threshold: 1.0
mask_radius: 15.0
max_move_dist: 0.8
flow_back: true
min_gradient: 20.0

# debug settting
enable_gray_gradient: true
enable_statistics: true
enable_reprojection_error_visualization: true
enable_t_diff_visualization: true
enable_lankmark_visualization: true
enable_tracjectory_visualization: true

# manager settings
new_feature_ratio: 0.3
parallax_thres: 20

reprojection_error_thres: 0.01

# stereo settigs
exposureUs: 2000
sensitivityIso: 800
